"ACCOUNT","ACCOUNT NAME","ORG"," "," ","BEG. BALANCE","DEBITS","CREDITS","NET CHANGE","END BALANCE"
"PER","JNL","SRC","EFF DATE","REFERENCE"
"80000    1810                                          ","Land & Improvements, Non-Depr ","__80000   "," "," ","        6,343,664.27"
" "," "," "," "," ","        6,343,664.27","                 .00","                 .00","                 .00","        6,343,664.27"
"80000    1812                                          ","Works of Art-Non-Depreciable  ","__80000   "," "," ","        1,696,160.91"
" "," "," "," "," ","        1,696,160.91","                 .00","                 .00","                 .00","        1,696,160.91"
"80000    1813                                          ","Land Improvements-Depreciable ","__80000   "," "," ","       12,016,558.99"
" "," "," "," "," ","       12,016,558.99","                 .00","                 .00","                 .00","       12,016,558.99"
"80000    1814                                          ","A/D-Land Improvements Depr    ","__80000   "," "," ","       -1,152,427.65"
" "," "," "," "," ","       -1,152,427.65","                 .00","                 .00","                 .00","       -1,152,427.65"
"80000    1819                                          ","Construction in Progress      ","__80000   "," "," ","       23,278,678.51"
"* 6","   130","FAA","12/09/24","       ASSET ACQN                  "," ","        1,068,632.15","                 .00","        1,068,632.15"
" "," "," "," "," ","       23,278,678.51","        1,068,632.15","                 .00","        1,068,632.15","       24,347,310.66"
"80000    1820                                          ","Infrastructure                ","__80000   "," "," ","      102,958,462.27"
" "," "," "," "," ","      102,958,462.27","                 .00","                 .00","                 .00","      102,958,462.27"
"80000    1821                                          ","A/D-Infrastructure            ","__80000   "," "," ","      -65,966,046.28"
" "," "," "," "," ","      -65,966,046.28","                 .00","                 .00","                 .00","      -65,966,046.28"
"80000    1825                                          ","Infrastructure Improvements   ","__80000   "," "," ","        1,374,459.64"
" "," "," "," "," ","        1,374,459.64","                 .00","                 .00","                 .00","        1,374,459.64"
"80000    1826                                          ","A/D-Infrastructure Improvement","__80000   "," "," ","          -55,632.89"
" "," "," "," "," ","          -55,632.89","                 .00","                 .00","                 .00","          -55,632.89"
"80000    1830                                          ","Buildings                     ","__80000   "," "," ","       30,562,899.31"
" "," "," "," "," ","       30,562,899.31","                 .00","                 .00","                 .00","       30,562,899.31"
"80000    1831                                          ","A/D-Buildings                 ","__80000   "," "," ","      -13,745,868.29"
" "," "," "," "," ","      -13,745,868.29","                 .00","                 .00","                 .00","      -13,745,868.29"
"80000    1835                                          ","Building Improvements         ","__80000   "," "," ","          549,423.32"
" "," "," "," "," ","          549,423.32","                 .00","                 .00","                 .00","          549,423.32"
"80000    1836                                          ","A/D - Building Improvements   ","__80000   "," "," ","          -22,431.41"
" "," "," "," "," ","          -22,431.41","                 .00","                 .00","                 .00","          -22,431.41"
"80000    1840                                          ","Improvements Other Than Bldgs ","__80000   "," "," ","       14,872,584.33"
" "," "," "," "," ","       14,872,584.33","                 .00","                 .00","                 .00","       14,872,584.33"
"80000    1841                                          ","A/D-Improvmts Other Than Bldgs","__80000   "," "," ","       -9,700,935.56"
" "," "," "," "," ","       -9,700,935.56","                 .00","                 .00","                 .00","       -9,700,935.56"
"80000    1850                                          ","Machinery/Equipment           ","__80000   "," "," ","       19,253,920.49"
"* 1","  2484","FAM","07/01/24","       ASSET MAINT                 "," ","                 .00","           26,434.00","          -26,434.00"
"* 2","   390","FAA","08/21/24","       ASSET ACQN                  "," ","          251,041.00","                 .00","          224,607.00"
"* 4","   694","FAA","10/07/24","       ASSET ACQN                  "," ","           45,446.67","                 .00","          270,053.67"
"* 4","   695","FAA","10/07/24","       ASSET ACQN                  "," ","           45,446.67","                 .00","          315,500.34"
"* 4","   696","FAA","10/07/24","       ASSET ACQN                  "," ","           45,446.67","                 .00","          360,947.01"
"* 5","   489","FAA","11/20/24","       ASSET ACQN                  "," ","           56,316.00","                 .00","          417,263.01"
"* 7","   589","FAA","01/17/25","       ASSET ACQN                  "," ","           46,294.00","                 .00","          463,557.01"
"* 7","   590","FAM","01/17/25","       ASSET MAINT                 "," ","            2,996.00","                 .00","          466,553.01"
"* 8","   159","FAR","02/04/25","       ASSET DISP                  "," ","                 .00","           97,621.00","          368,932.01"
"* 8","   696","FAA","02/24/25","       ASSET ACQN                  "," ","           43,963.00","                 .00","          412,895.01"
"* 8","   697","FAA","02/24/25","       ASSET ACQN                  "," ","           43,963.00","                 .00","          456,858.01"
"* 8","   698","FAA","02/24/25","       ASSET ACQN                  "," ","           43,963.00","                 .00","          500,821.01"
"* 8","   699","FAM","02/24/25","       ASSET MAINT                 "," ","            3,849.37","                 .00","          504,670.38"
"* 8","   700","FAM","02/24/25","       ASSET MAINT                 "," ","            3,849.37","                 .00","          508,519.75"
"* 8","   701","FAM","02/24/25","       ASSET MAINT                 "," ","               78.57","                 .00","          508,598.32"
"* 8","   702","FAM","02/24/25","       ASSET MAINT                 "," ","               78.57","                 .00","          508,676.89"
"* 8","   703","FAM","02/24/25","       ASSET MAINT                 "," ","            6,604.20","                 .00","          515,281.09"
"* 8","   704","FAM","02/24/25","       ASSET MAINT                 "," ","            6,604.20","                 .00","          521,885.29"
"* 8","   705","FAM","02/24/25","       ASSET MAINT                 "," ","            6,604.20","                 .00","          528,489.49"
"* 8","   706","FAM","02/24/25","       ASSET MAINT                 "," ","            1,172.85","                 .00","          529,662.34"
"* 8","   707","FAM","02/24/25","       ASSET MAINT                 "," ","            1,172.85","                 .00","          530,835.19"
"* 8","   708","FAM","02/24/25","       ASSET MAINT                 "," ","            1,172.85","                 .00","          532,008.04"
"* 8","   709","FAM","02/24/25","       ASSET MAINT                 "," ","              346.28","                 .00","          532,354.32"
"* 8","   710","FAM","02/24/25","       ASSET MAINT                 "," ","              346.28","                 .00","          532,700.60"
"* 8","   711","FAM","02/24/25","       ASSET MAINT                 "," ","              346.28","                 .00","          533,046.88"
"* 8","   712","FAM","02/24/25","       ASSET MAINT                 "," ","            3,786.39","                 .00","          536,833.27"
"* 8","   718","FAR","02/13/25","       ASSET DISP                  "," ","                 .00","           38,788.80","          498,044.47"
"* 9","   470","FAM","03/17/25","       ASSET MAINT                 "," ","              516.00","                 .00","          498,560.47"
"*10","   705","FAM","04/30/25","       ASSET MAINT                 "," ","           23,990.00","                 .00","          522,550.47"
"*10","   707","FAA","04/15/25","       ASSET ACQN                  "," ","           33,390.00","                 .00","          555,940.47"
"*10","   709","FAA","04/14/25","       ASSET ACQN                  "," ","           45,700.00","                 .00","          601,640.47"
"*10","   710","FAA","04/04/25","       ASSET ACQN                  "," ","           19,758.20","                 .00","          621,398.67"
"*10","   711","FAA","04/14/25","       ASSET ACQN                  "," ","           10,786.91","                 .00","          632,185.58"
"*10","   713","FAA","04/03/25","       ASSET ACQN                  "," ","           28,089.00","                 .00","          660,274.58"
"*11","   540","FAM","05/28/25","       ASSET MAINT                 "," ","           16,651.85","                 .00","          676,926.43"
"*12","   654","FAM","06/24/25","       ASSET MAINT                 "," ","              405.00","                 .00","          677,331.43"
"*12","   672","FAM","06/18/25","       ASSET MAINT                 "," ","              500.00","                 .00","          677,831.43"
"*12","   673","FAM","06/18/25","       ASSET MAINT                 "," ","              500.00","                 .00","          678,331.43"
"*12","   674","FAM","06/18/25","       ASSET MAINT                 "," ","              500.00","                 .00","          678,831.43"
"*12","   675","FAM","06/23/25","       ASSET MAINT                 "," ","           19,398.25","                 .00","          698,229.68"
"*12","   676","FAM","06/23/25","       ASSET MAINT                 "," ","           19,398.25","                 .00","          717,627.93"
"*12","   677","FAM","06/23/25","       ASSET MAINT                 "," ","           20,094.80","                 .00","          737,722.73"
"*12","   680","FAM","06/04/25","       ASSET MAINT                 "," ","            6,184.15","                 .00","          743,906.88"
" "," "," "," "," ","       19,253,920.49","          906,750.68","          162,843.80","          743,906.88","       19,997,827.37"
"80000    1851                                          ","A/D-Machinery/Equipment       ","__80000   "," "," ","      -13,533,178.32"
"* 1","  2484","FAM","07/01/24","       ASSET MAINT                 "," ","           26,434.00","                 .00","           26,434.00"
"* 8","   159","FAR","02/04/25","       ASSET DISP                  "," ","           97,621.00","                 .00","          124,055.00"
"* 8","   718","FAR","02/13/25","       ASSET DISP                  "," ","           38,788.80","                 .00","          162,843.80"
"*10","   705","FAM","04/30/25","       ASSET MAINT                 "," ","                 .00","           19,900.80","          142,943.00"
" "," "," "," "," ","      -13,533,178.32","          162,843.80","           19,900.80","          142,943.00","      -13,390,235.32"
"80000    1860                                          ","Leased Equipment              ","__80000   "," "," ","        1,800,300.78"
"*10","   712","FAR","04/22/25","       ASSET DISP                  "," ","                 .00","          164,487.00","         -164,487.00"
"*12","   666","FAA","06/27/25","       ASSET ACQN                  "," ","          213,287.56","                 .00","           48,800.56"
" "," "," "," "," ","        1,800,300.78","          213,287.56","          164,487.00","           48,800.56","        1,849,101.34"
"80000    1861                                          ","A/D-Leased Machinery/Equipemnt","__80000   "," "," ","         -615,573.93"
"*10","   712","FAR","04/22/25","       ASSET DISP                  "," ","          163,077.11","                 .00","          163,077.11"
"*10","   712","FAD","04/22/25","       ASSET DISP                  "," ","                 .00","           14,098.87","          148,978.24"
" "," "," "," "," ","         -615,573.93","          163,077.11","           14,098.87","          148,978.24","         -466,595.69"
"80000    3101                                          ","Investment in Capital Assets  ","__80000   "," "," ","     -109,915,018.49"
"* 2","   390","FAA","08/21/24","       ASSET ACQN                  "," ","                 .00","          251,041.00","         -251,041.00"
"* 4","   694","FAA","10/07/24","       ASSET ACQN                  "," ","                 .00","           45,446.67","         -296,487.67"
"* 4","   695","FAA","10/07/24","       ASSET ACQN                  "," ","                 .00","           45,446.67","         -341,934.34"
"* 4","   696","FAA","10/07/24","       ASSET ACQN                  "," ","                 .00","           45,446.67","         -387,381.01"
"* 5","   489","FAA","11/20/24","       ASSET ACQN                  "," ","                 .00","           56,316.00","         -443,697.01"
"* 7","   589","FAA","01/17/25","       ASSET ACQN                  "," ","                 .00","           46,294.00","         -489,991.01"
"* 7","   590","FAM","01/17/25","       ASSET MAINT                 "," ","                 .00","            2,996.00","         -492,987.01"
"* 8","   159","FAR","02/04/25","       ASSET DISP                  "," ","           26,590.00","                 .00","         -466,397.01"
"* 8","   696","FAA","02/24/25","       ASSET ACQN                  "," ","                 .00","           43,963.00","         -510,360.01"
"* 8","   697","FAA","02/24/25","       ASSET ACQN                  "," ","                 .00","           43,963.00","         -554,323.01"
"* 8","   698","FAA","02/24/25","       ASSET ACQN                  "," ","                 .00","           43,963.00","         -598,286.01"
"* 8","   699","FAM","02/24/25","       ASSET MAINT                 "," ","                 .00","            3,849.37","         -602,135.38"
"* 8","   700","FAM","02/24/25","       ASSET MAINT                 "," ","                 .00","            3,849.37","         -605,984.75"
"* 8","   701","FAM","02/24/25","       ASSET MAINT                 "," ","                 .00","               78.57","         -606,063.32"
"* 8","   702","FAM","02/24/25","       ASSET MAINT                 "," ","                 .00","               78.57","         -606,141.89"
"* 8","   703","FAM","02/24/25","       ASSET MAINT                 "," ","                 .00","            6,604.20","         -612,746.09"
"* 8","   704","FAM","02/24/25","       ASSET MAINT                 "," ","                 .00","            6,604.20","         -619,350.29"
"* 8","   705","FAM","02/24/25","       ASSET MAINT                 "," ","                 .00","            6,604.20","         -625,954.49"
"* 8","   706","FAM","02/24/25","       ASSET MAINT                 "," ","                 .00","            1,172.85","         -627,127.34"
"* 8","   707","FAM","02/24/25","       ASSET MAINT                 "," ","                 .00","            1,172.85","         -628,300.19"
"* 8","   708","FAM","02/24/25","       ASSET MAINT                 "," ","                 .00","            1,172.85","         -629,473.04"
"* 8","   709","FAM","02/24/25","       ASSET MAINT                 "," ","                 .00","              346.28","         -629,819.32"
"* 8","   710","FAM","02/24/25","       ASSET MAINT                 "," ","                 .00","              346.28","         -630,165.60"
"* 8","   711","FAM","02/24/25","       ASSET MAINT                 "," ","                 .00","              346.28","         -630,511.88"
"* 8","   712","FAM","02/24/25","       ASSET MAINT                 "," ","                 .00","            3,786.39","         -634,298.27"
"* 8","   718","FAR","02/13/25","       ASSET DISP                  "," ","            4,809.00","                 .00","         -629,489.27"
"* 9","   470","FAM","03/17/25","       ASSET MAINT                 "," ","                 .00","              516.00","         -630,005.27"
"*10","   705","FAM","04/30/25","       ASSET MAINT                 "," ","                 .00","            4,089.20","         -634,094.47"
"*10","   707","FAA","04/15/25","       ASSET ACQN                  "," ","                 .00","           33,390.00","         -667,484.47"
"*10","   709","FAA","04/14/25","       ASSET ACQN                  "," ","                 .00","           45,700.00","         -713,184.47"
"*10","   710","FAA","04/04/25","       ASSET ACQN                  "," ","                 .00","           19,758.20","         -732,942.67"
"*10","   711","FAA","04/14/25","       ASSET ACQN                  "," ","                 .00","           10,786.91","         -743,729.58"
"*10","   713","FAA","04/03/25","       ASSET ACQN                  "," ","                 .00","           28,089.00","         -771,818.58"
"*11","   540","FAM","05/28/25","       ASSET MAINT                 "," ","                 .00","           16,651.85","         -788,470.43"
"*12","   654","FAM","06/24/25","       ASSET MAINT                 "," ","                 .00","              405.00","         -788,875.43"
"*12","   666","FAA","06/27/25","       ASSET ACQN                  "," ","                 .00","          213,287.56","       -1,002,162.99"
"*12","   672","FAM","06/18/25","       ASSET MAINT                 "," ","                 .00","              500.00","       -1,002,662.99"
"*12","   673","FAM","06/18/25","       ASSET MAINT                 "," ","                 .00","              500.00","       -1,003,162.99"
"*12","   674","FAM","06/18/25","       ASSET MAINT                 "," ","                 .00","              500.00","       -1,003,662.99"
"*12","   675","FAM","06/23/25","       ASSET MAINT                 "," ","                 .00","           19,398.25","       -1,023,061.24"
"*12","   676","FAM","06/23/25","       ASSET MAINT                 "," ","                 .00","           19,398.25","       -1,042,459.49"
"*12","   677","FAM","06/23/25","       ASSET MAINT                 "," ","                 .00","           20,094.80","       -1,062,554.29"
"*12","   680","FAM","06/04/25","       ASSET MAINT                 "," ","                 .00","            6,184.15","       -1,068,738.44"
" "," "," "," "," ","     -109,915,018.49","           31,399.00","        1,100,137.44","       -1,068,738.44","     -110,983,756.93"
"80200    4880                                          ","Gain/Loss - Sale of Cap Assets","__80200   "," "," ","                 .00"
"* 8","   159","FAR","02/04/25","       ASSET DISP                  "," ","                 .00","           26,590.00","          -26,590.00"
"* 8","   718","FAR","02/13/25","       ASSET DISP                  "," ","                 .00","            4,809.00","          -31,399.00"
" "," "," "," "," ","                 .00","                 .00","           31,399.00","          -31,399.00","          -31,399.00"
"80300    4880                                          ","Gain/Loss - Sale of Cap Assets","__80300   "," "," ","                 .00"
"*10","   712","FAR","04/22/25","       ASSET DISP                  "," ","            1,409.89","                 .00","            1,409.89"
" "," "," "," "," ","                 .00","            1,409.89","                 .00","            1,409.89","            1,409.89"
"80300    6810                                          ","Depreciation Expense          ","__80300   "," "," ","                 .00"
"*10","   712","FAD","04/22/25","       ASSET DISP                  "," ","           14,098.87","                 .00","           14,098.87"
" "," "," "," "," ","                 .00","           14,098.87","                 .00","           14,098.87","           14,098.87"
"80500    7998                                          ","Cap Outlay-CIP Contra Account ","__80500   "," "," ","                 .00"
"* 6","   130","FAA","12/09/24","       ASSET ACQN                  "," ","                 .00","        1,068,632.15","       -1,068,632.15"
" "," "," "," "," ","                 .00","                 .00","        1,068,632.15","       -1,068,632.15","       -1,068,632.15"
















































